 &PARAM
 ne = 199
 tend = 150
 zex = 18.55
 q1 = 3127.5553
 q2 = 3127.5553
 q3 = 40000
 i1 = 0.440967545462211
 i2 = 0.440967545462211
 th1 = 0
 th2 = 0
 a1 = 4
 a2 = 4
 dtr1 = 0.548608889195448
 dtr2 = 0.548608889195448
 dcir1 = 0.0
 dcir2 = 0.0
 r1 = 0.06
 r2 = 0.06
 f10 = 0.001
 f20 = 0.001
 f30 = 0.001
 dt = 0.05
 dz = 0.01
 pitch = 1.5
 ftol = 1e-7
 ptol = 1e-7
 WC      = F
 FOK = t
 INHARM = 2
 ukv = 22
 w_op = 28.0175
 LENSM = t
 iatoi = t
 ia1 = 1.6
 ia2 = 1.6
 btod = t
 b1 = 0.514
 b2 = 0.514
 /
