 &PARAM
 NE      =         199,
 TEND    =   1.000000000000     ,
 ZEX     =   18.5500000000000     ,
 Q1      =   3127.55530000000     ,
 Q2      =   3127.55530000000     ,
 Q3      =   40000.0000000000     ,
 I1      =  0.440967533067530     ,
 I2      =  0.440967533067530     ,
 TH1     =  0.000000000000000E+000,
 TH2     =  0.000000000000000E+000,
 A1      =   4.00000000000000     ,
 A2      =   4.00000000000000     ,
 DCIR1   =  2.144000000000000E-004,
 DCIR2   =  0.144000000000000E-004,
!DCIR2   =  1.440000000000000E-005,
 R1      =  3.000000000000000E-002,
 R2      =  3.000000000000000E-002,
 F10     =  0.248206718540456     ,
 F20     =  0.180837532478720     ,
 F30     =   1.02027003721187     ,
 P10     =   5.36232049482510     ,
 P20     =   1.33175323905635     ,
 P30     =   5.54304456030885     ,
 DT      =  5.000000000000000E-002,
 DZ      =  1.000000000000000E-002,
 PITCH   =   1.50000000000000     ,
 FTOL    =  1.000000000000000E-007,
 PTOL    =  1.000000000000000E-007,
 WC      = T,
 FOK     = T,
 INHARM  =           2,
 UKV     =   22.0000000000000     ,
 W_OP    =   28.0175000000000     ,
 LENSM   = T,
 BTOD    = F,
 B1      =  0.514000000000000     ,
 B2      =  0.514000000000000     ,
 IATOI   = T,
 IA1     =   1.60000000000000     ,
 IA2     =   1.60000000000000     ,
 DTRB    =  0.56, 0.62
 DTRH    =  0.01
 /
